{
    "playerPosX": 6.799942493438721,
    "playerPosY": -18.079999923706056,
    "playerPosZ": 0.0
}